-72
|___-72
|   |___-80
|   |   |___-80
|   |   |   |___-88 -80 -80 -88 -88 -84 
|   |   |___-68
|   |   |   |___-72 -76 -68 -76 -76 -80 
|   |   |___-72
|   |   |   |___-76 -72 -72 -80 -80 -76 
|   |   |___-68
|   |   |   |___-72 -68 -68 -76 -72 -72 
|   |   |___-64
|   |   |   |___-68 -64 -64 -72 -72 -68 
|   |   |___20
|   |   |   |___-68 -64 -64 -72 -72 20 
|   |___-76
|   |   |___-76
|   |   |   |___-76 -156 -160 -168 -168 -164 
|   |   |___-72
|   |   |   |___-88 -88 -72 -80 -88 -88 -84 
|   |   |___20
|   |   |   |___-72 20 -68 -64 -72 -72 -76 
|   |   |___16
|   |   |   |___-76 16 -64 -68 -76 -76 -72 
|   |   |___20
|   |   |   |___-72 20 -60 -64 -72 -68 -68 
|   |   |___24
|   |   |   |___-68 24 -56 -60 -68 -68 -64 
|   |   |___24
|   |   |   |___-68 24 -56 -60 -68 -68 24 
|   |___-72
|   |   |___-72
|   |   |   |___-156 -72 -152 -164 -164 -72 
|   |   |___12
|   |   |   |___-80 -76 12 -68 -80 -80 12 
|   |   |___20
|   |   |   |___-72 -64 -72 -60 -72 -72 20 
|   |   |___20
|   |   |   |___-72 -64 20 -60 -72 -72 20 
|   |   |___24
|   |   |   |___-68 -60 24 -56 -68 -64 24 
|   |   |___28
|   |   |   |___-64 -56 28 -52 -64 -64 28 
|   |   |___28
|   |   |   |___-64 -56 28 -52 -64 -64 28 
|   |___-152
|   |   |___-152
|   |   |   |___-160 -152 -156 -160 -164 -160 
|   |   |___-68
|   |   |   |___-80 -80 -68 -72 -76 -80 -76 
|   |   |___-60
|   |   |   |___-68 -64 -68 -60 -68 -68 -72 
|   |   |___-56
|   |   |   |___-68 -64 -56 -68 -64 -68 -64 
|   |   |___24
|   |   |   |___-68 -64 -56 -60 24 -64 -64 
|   |   |___-52
|   |   |   |___-64 -60 -52 -56 -60 -64 -60 
|   |   |___28
|   |   |   |___-64 -60 -52 -56 -60 -64 28 
|   |___-160
|   |   |___-160
|   |   |   |___-168 -164 -160 -168 -168 -168 
|   |   |___-76
|   |   |   |___-88 -88 -80 -76 -84 -84 -84 
|   |   |___-68
|   |   |   |___-76 -72 -76 -68 -72 -72 -80 
|   |   |___-72
|   |   |   |___-80 -76 -72 -72 -76 -76 -76 
|   |   |___-68
|   |   |   |___-76 -72 -68 -72 -76 -72 -72 
|   |   |___-60
|   |   |   |___-72 -68 -64 -60 -68 -68 -68 
|   |   |___20
|   |   |   |___-72 -68 -64 -60 -68 -72 20 
|   |___-164
|   |   |___-164
|   |   |   |___-168 -164 -164 -168 -168 -164 
|   |   |___-80
|   |   |   |___-88 -88 -80 -80 -84 -84 -80 
|   |   |___-68
|   |   |   |___-76 -72 -76 -68 -72 -72 -76 
|   |   |___-72
|   |   |   |___-80 -76 -72 -72 -76 -76 -72 
|   |   |___-64
|   |   |   |___-72 -68 -64 -64 -68 -68 -68 
|   |   |___-64
|   |   |   |___-72 -68 -64 -64 -68 -72 -64 
|   |   |___20
|   |   |   |___-72 -68 -64 -64 -72 -68 20 
|   |___-72
|   |   |___-72
|   |   |   |___-164 -72 -160 -168 -164 -72 
|   |   |___12
|   |   |   |___-84 -84 12 -76 -84 -80 12 
|   |   |___16
|   |   |   |___-80 -76 -80 -72 -80 -76 16 
|   |   |___20
|   |   |   |___-76 -72 20 -68 -76 -72 20 
|   |   |___24
|   |   |   |___-72 -68 24 -64 -72 -68 24 
|   |   |___28
|   |   |   |___-68 -64 28 -60 -68 -64 28 
|   |   |___16
|   |   |   |___-80 -76 16 -72 -80 -76 -76 
|___12
|   |___8
|   |   |___20
|   |   |   |___16 20 20 12 12 16 
|   |   |___8
|   |   |   |___0 8 8 8 0 0 4 
|   |   |___12
|   |   |   |___4 4 4 12 4 4 0 
|   |   |___12
|   |   |   |___4 8 12 12 4 4 8 
|   |   |___16
|   |   |   |___8 12 16 16 8 12 12 
|   |   |___20
|   |   |   |___12 16 20 20 12 12 16 
|   |   |___104
|   |   |   |___12 16 20 20 12 12 104 
|   |___-76
|   |   |___-76
|   |   |   |___-88 -84 -76 -80 -88 -88 -84 
|   |   |___12
|   |   |   |___12 0 12 8 0 0 4 
|   |   |___4
|   |   |   |___4 0 0 4 -4 -4 -8 
|   |   |___8
|   |   |   |___8 0 8 4 -4 -4 0 
|   |   |___12
|   |   |   |___12 4 12 8 0 4 4 
|   |   |___16
|   |   |   |___16 8 16 12 4 4 8 
|   |   |___96
|   |   |   |___16 8 16 12 4 4 96 
|   |___12
|   |   |___12
|   |   |   |___-80 -76 12 -68 -80 -80 12 
|   |   |___92
|   |   |   |___8 4 92 12 0 0 92 
|   |   |___92
|   |   |   |___8 4 0 12 0 0 92 
|   |   |___96
|   |   |   |___12 8 96 16 4 4 96 
|   |   |___100
|   |   |   |___16 12 100 20 8 12 100 
|   |   |___104
|   |   |   |___20 16 104 24 12 12 104 
|   |   |___104
|   |   |   |___20 16 104 24 12 12 104 
|   |___-68
|   |   |___-68
|   |   |   |___-80 -80 -68 -72 -76 -80 -76 
|   |   |___12
|   |   |   |___8 4 12 8 4 0 4 
|   |   |___12
|   |   |   |___12 4 4 12 4 4 0 
|   |   |___20
|   |   |   |___16 8 20 8 12 8 12 
|   |   |___100
|   |   |   |___16 8 20 16 100 12 12 
|   |   |___24
|   |   |   |___20 12 24 20 16 12 16 
|   |   |___104
|   |   |   |___20 12 24 20 16 12 104 
|   |___-76
|   |   |___-76
|   |   |   |___-88 -88 -80 -76 -84 -84 -84 
|   |   |___4
|   |   |   |___0 -4 0 4 -4 -4 -4 
|   |   |___4
|   |   |   |___4 -4 -4 4 0 0 -8 
|   |   |___4
|   |   |   |___4 -4 4 4 0 0 0 
|   |   |___8
|   |   |   |___8 0 8 4 0 4 4 
|   |   |___16
|   |   |   |___12 4 12 16 8 8 8 
|   |   |___96
|   |   |   |___12 4 12 16 8 4 96 
|   |___-80
|   |   |___-80
|   |   |   |___-88 -88 -80 -80 -84 -84 -80 
|   |   |___0
|   |   |   |___0 -4 0 0 -4 -4 0 
|   |   |___4
|   |   |   |___4 -4 -4 4 0 0 -4 
|   |   |___4
|   |   |   |___4 -4 4 4 0 0 4 
|   |   |___12
|   |   |   |___12 4 12 12 8 8 8 
|   |   |___12
|   |   |   |___12 4 12 12 8 4 12 
|   |   |___96
|   |   |   |___12 4 12 12 4 8 96 
|   |___12
|   |   |___12
|   |   |   |___-84 -84 12 -76 -84 -80 12 
|   |   |___92
|   |   |   |___4 0 92 4 -4 0 92 
|   |   |___88
|   |   |   |___0 -8 -8 0 -8 -4 88 
|   |   |___96
|   |   |   |___8 0 96 8 0 4 96 
|   |   |___100
|   |   |   |___12 4 100 12 4 8 100 
|   |   |___104
|   |   |   |___16 8 104 16 8 12 104 
|   |   |___92
|   |   |   |___4 -4 92 4 -4 0 0 
|___12
|   |___12
|   |   |___32
|   |   |   |___28 24 32 24 24 20 
|   |   |___12
|   |   |   |___4 4 4 12 4 4 0 
|   |   |___28
|   |   |   |___20 24 24 28 20 20 16 
|   |   |___20
|   |   |   |___12 16 12 20 12 12 8 
|   |   |___28
|   |   |   |___20 24 20 28 20 24 16 
|   |   |___32
|   |   |   |___24 28 24 32 24 24 20 
|   |   |___112
|   |   |   |___20 24 20 28 20 20 112 
|   |___8
|   |   |___20
|   |   |   |___-72 20 -68 -64 -72 -72 -76 
|   |   |___8
|   |   |   |___8 0 4 8 0 0 -4 
|   |   |___108
|   |   |   |___24 108 20 24 16 16 12 
|   |   |___100
|   |   |   |___16 100 12 16 8 8 4 
|   |   |___108
|   |   |   |___24 108 20 24 16 20 12 
|   |   |___112
|   |   |   |___28 112 24 28 20 20 16 
|   |   |___108
|   |   |   |___24 108 20 24 16 16 108 
|   |___-68
|   |   |___-68
|   |   |   |___-76 -68 -72 -68 -76 -76 -80 
|   |   |___4
|   |   |   |___4 0 0 4 -4 -4 -8 
|   |   |___24
|   |   |   |___24 24 16 24 16 16 12 
|   |   |___16
|   |   |   |___12 12 8 16 4 4 0 
|   |   |___20
|   |   |   |___20 20 16 20 12 16 8 
|   |   |___24
|   |   |   |___24 24 20 24 16 16 12 
|   |   |___104
|   |   |   |___20 20 16 20 12 12 104 
|   |___-60
|   |   |___-60
|   |   |   |___-68 -64 -68 -60 -68 -68 -72 
|   |   |___12
|   |   |   |___12 4 4 12 4 4 0 
|   |   |___28
|   |   |   |___28 24 24 28 20 20 16 
|   |   |___24
|   |   |   |___24 20 16 16 16 16 12 
|   |   |___112
|   |   |   |___28 24 20 28 112 24 16 
|   |   |___32
|   |   |   |___32 28 24 32 24 24 20 
|   |   |___112
|   |   |   |___28 24 20 28 20 20 112 
|   |___-68
|   |   |___-68
|   |   |   |___-76 -72 -76 -68 -72 -72 -80 
|   |   |___4
|   |   |   |___4 -4 -4 4 0 0 -8 
|   |   |___20
|   |   |   |___20 16 16 20 16 16 8 
|   |   |___12
|   |   |   |___12 8 4 12 8 8 0 
|   |   |___20
|   |   |   |___20 16 12 12 12 16 8 
|   |   |___24
|   |   |   |___24 20 16 24 20 20 12 
|   |   |___104
|   |   |   |___20 16 12 20 16 12 104 
|   |___-68
|   |   |___-68
|   |   |   |___-76 -72 -76 -68 -72 -72 -76 
|   |   |___4
|   |   |   |___4 -4 -4 4 0 0 -4 
|   |   |___20
|   |   |   |___20 16 16 20 16 16 12 
|   |   |___12
|   |   |   |___12 8 4 12 8 8 4 
|   |   |___24
|   |   |   |___24 20 16 24 20 20 12 
|   |   |___24
|   |   |   |___24 20 16 24 20 16 16 
|   |   |___104
|   |   |   |___20 16 12 20 12 16 104 
|   |___8
|   |   |___16
|   |   |   |___-80 -76 -80 -72 -80 -76 16 
|   |   |___88
|   |   |   |___0 -8 -8 0 -8 -4 88 
|   |   |___104
|   |   |   |___16 12 12 16 8 12 104 
|   |   |___96
|   |   |   |___8 4 0 8 0 4 96 
|   |   |___104
|   |   |   |___16 12 8 16 8 12 104 
|   |   |___108
|   |   |   |___20 16 12 20 12 16 108 
|   |   |___8
|   |   |   |___8 4 0 8 0 4 4 
|___20
|   |___12
|   |   |___28
|   |   |   |___24 28 28 20 20 24 
|   |   |___12
|   |   |   |___4 8 12 12 4 4 8 
|   |   |___20
|   |   |   |___12 16 12 20 12 12 8 
|   |   |___20
|   |   |   |___12 16 20 20 12 12 16 
|   |   |___24
|   |   |   |___12 16 24 20 12 16 16 
|   |   |___28
|   |   |   |___20 24 28 28 20 20 24 
|   |   |___112
|   |   |   |___20 24 28 28 20 20 112 
|   |___12
|   |   |___16
|   |   |   |___-76 16 -64 -68 -76 -76 -72 
|   |   |___12
|   |   |   |___8 0 12 8 0 0 4 
|   |   |___100
|   |   |   |___16 100 12 16 8 8 4 
|   |   |___100
|   |   |   |___16 100 16 16 8 8 12 
|   |   |___100
|   |   |   |___16 100 24 16 8 12 12 
|   |   |___108
|   |   |   |___24 108 28 24 16 16 20 
|   |   |___108
|   |   |   |___24 108 28 24 16 16 108 
|   |___20
|   |   |___20
|   |   |   |___-72 -64 20 -60 -72 -72 20 
|   |   |___96
|   |   |   |___12 8 96 16 4 4 96 
|   |   |___104
|   |   |   |___20 20 12 24 12 12 104 
|   |   |___112
|   |   |   |___20 16 104 112 12 12 104 
|   |   |___108
|   |   |   |___24 24 108 28 16 20 108 
|   |   |___112
|   |   |   |___28 28 112 32 20 20 112 
|   |   |___112
|   |   |   |___28 28 112 32 20 20 112 
|   |___-60
|   |   |___-60
|   |   |   |___-72 -68 -60 -68 -72 -72 -68 
|   |   |___16
|   |   |   |___12 4 16 8 4 4 8 
|   |   |___20
|   |   |   |___20 16 16 16 12 12 8 
|   |   |___32
|   |   |   |___28 24 32 20 20 20 24 
|   |   |___28
|   |   |   |___20 16 28 16 16 16 16 
|   |   |___32
|   |   |   |___28 24 32 24 20 20 24 
|   |   |___112
|   |   |   |___28 24 32 24 20 20 112 
|   |___-72
|   |   |___-72
|   |   |   |___-80 -76 -72 -72 -76 -76 -76 
|   |   |___4
|   |   |   |___4 -4 4 4 0 0 0 
|   |   |___12
|   |   |   |___12 8 4 12 8 8 0 
|   |   |___12
|   |   |   |___12 8 12 12 8 8 8 
|   |   |___12
|   |   |   |___12 8 12 12 4 8 8 
|   |   |___20
|   |   |   |___20 16 20 20 16 16 16 
|   |   |___104
|   |   |   |___20 16 20 20 16 12 104 
|   |___-72
|   |   |___-72
|   |   |   |___-80 -76 -72 -72 -76 -76 -72 
|   |   |___4
|   |   |   |___4 -4 4 4 0 0 4 
|   |   |___12
|   |   |   |___12 8 4 12 8 8 4 
|   |   |___12
|   |   |   |___12 8 12 12 8 8 12 
|   |   |___20
|   |   |   |___16 12 20 16 12 12 12 
|   |   |___20
|   |   |   |___20 16 20 20 16 12 20 
|   |   |___104
|   |   |   |___20 16 20 20 12 16 104 
|   |___20
|   |   |___20
|   |   |   |___-76 -72 20 -68 -76 -72 20 
|   |   |___96
|   |   |   |___8 0 96 8 0 4 96 
|   |   |___96
|   |   |   |___8 4 0 8 0 4 96 
|   |   |___104
|   |   |   |___16 12 104 16 8 12 104 
|   |   |___108
|   |   |   |___16 12 108 16 8 12 104 
|   |   |___112
|   |   |   |___24 20 112 24 16 20 112 
|   |   |___100
|   |   |   |___12 8 100 12 4 8 8 
|___24
|   |___16
|   |   |___32
|   |   |   |___28 32 32 24 28 28 
|   |   |___16
|   |   |   |___8 12 16 16 8 12 12 
|   |   |___28
|   |   |   |___20 24 20 28 20 24 16 
|   |   |___24
|   |   |   |___12 16 24 20 12 16 16 
|   |   |___24
|   |   |   |___16 20 24 16 20 20 20 
|   |   |___32
|   |   |   |___20 24 28 28 20 20 32 
|   |   |___116
|   |   |   |___24 28 32 32 24 28 116 
|   |___16
|   |   |___20
|   |   |   |___-72 20 -60 -64 -72 -68 -68 
|   |   |___16
|   |   |   |___12 4 16 12 4 8 8 
|   |   |___108
|   |   |   |___24 108 20 24 16 20 12 
|   |   |___100
|   |   |   |___16 100 24 16 8 12 12 
|   |   |___104
|   |   |   |___20 104 24 12 16 16 16 
|   |   |___108
|   |   |   |___24 108 28 24 16 16 28 
|   |   |___112
|   |   |   |___28 112 32 28 20 24 112 
|   |___24
|   |   |___24
|   |   |   |___-68 -60 24 -56 -68 -64 24 
|   |   |___100
|   |   |   |___16 12 100 20 8 12 100 
|   |   |___108
|   |   |   |___24 24 16 28 16 20 108 
|   |   |___108
|   |   |   |___24 24 108 28 16 20 108 
|   |   |___108
|   |   |   |___24 24 108 20 20 20 108 
|   |   |___120
|   |   |   |___28 28 112 32 20 20 120 
|   |   |___116
|   |   |   |___32 32 116 36 24 28 116 
|   |___20
|   |   |___24
|   |   |   |___-68 -64 -56 -60 24 -64 -64 
|   |   |___100
|   |   |   |___16 8 20 16 100 12 12 
|   |   |___112
|   |   |   |___28 24 20 28 112 24 16 
|   |   |___112
|   |   |   |___28 24 32 20 112 24 24 
|   |   |___20
|   |   |   |___16 12 20 16 16 12 12 
|   |   |___112
|   |   |   |___28 24 32 28 112 20 32 
|   |   |___116
|   |   |   |___32 28 36 32 116 28 116 
|   |___16
|   |   |___24
|   |   |   |___-76 -72 -68 24 -72 -68 -72 
|   |   |___100
|   |   |   |___8 0 8 100 4 8 4 
|   |   |___112
|   |   |   |___20 16 12 112 16 20 8 
|   |   |___16
|   |   |   |___12 8 16 16 8 12 8 
|   |   |___112
|   |   |   |___24 20 24 112 16 24 20 
|   |   |___112
|   |   |   |___20 16 20 112 16 16 24 
|   |   |___116
|   |   |   |___24 20 24 116 20 24 108 
|   |___-64
|   |   |___-64
|   |   |   |___-72 -68 -64 -64 -68 -68 -68 
|   |   |___12
|   |   |   |___12 4 12 12 8 8 8 
|   |   |___24
|   |   |   |___24 20 16 24 20 20 12 
|   |   |___20
|   |   |   |___16 12 20 16 12 12 12 
|   |   |___20
|   |   |   |___20 16 20 12 16 16 16 
|   |   |___24
|   |   |   |___24 20 24 24 20 16 20 
|   |   |___112
|   |   |   |___28 24 28 28 24 24 112 
|   |___24
|   |   |___24
|   |   |   |___-72 -68 24 -64 -72 -68 24 
|   |   |___100
|   |   |   |___12 4 100 12 4 8 100 
|   |   |___104
|   |   |   |___16 12 8 16 8 12 104 
|   |   |___108
|   |   |   |___16 12 108 16 8 12 104 
|   |   |___108
|   |   |   |___20 16 108 12 16 16 108 
|   |   |___120
|   |   |   |___32 28 120 32 24 28 120 
|   |   |___104
|   |   |   |___16 12 104 16 8 12 12 
|___28
|   |___20
|   |   |___36
|   |   |   |___32 36 36 28 28 32 
|   |   |___20
|   |   |   |___12 16 20 20 12 12 16 
|   |   |___32
|   |   |   |___24 28 24 32 24 24 20 
|   |   |___28
|   |   |   |___20 24 28 28 20 20 24 
|   |   |___32
|   |   |   |___20 24 28 28 20 20 32 
|   |   |___32
|   |   |   |___24 28 32 32 24 28 28 
|   |   |___116
|   |   |   |___24 28 32 32 28 24 116 
|   |___20
|   |   |___24
|   |   |   |___-68 24 -56 -60 -68 -68 -64 
|   |   |___20
|   |   |   |___16 8 20 16 8 8 12 
|   |   |___112
|   |   |   |___28 112 24 28 20 20 16 
|   |   |___108
|   |   |   |___24 108 28 24 16 16 20 
|   |   |___108
|   |   |   |___24 108 28 24 16 16 28 
|   |   |___112
|   |   |   |___28 112 32 28 20 24 24 
|   |   |___112
|   |   |   |___28 112 32 28 24 20 112 
|   |___28
|   |   |___28
|   |   |   |___-64 -56 28 -52 -64 -64 28 
|   |   |___104
|   |   |   |___20 16 104 24 12 12 104 
|   |   |___112
|   |   |   |___28 28 20 32 20 20 112 
|   |   |___112
|   |   |   |___28 28 112 32 20 20 112 
|   |   |___120
|   |   |   |___28 28 112 32 20 20 120 
|   |   |___116
|   |   |   |___32 32 116 36 24 28 116 
|   |   |___116
|   |   |   |___32 32 116 36 28 24 116 
|   |___-52
|   |   |___-52
|   |   |   |___-64 -60 -52 -56 -60 -64 -60 
|   |   |___24
|   |   |   |___20 12 24 20 16 12 16 
|   |   |___32
|   |   |   |___32 28 24 32 24 24 20 
|   |   |___36
|   |   |   |___32 28 36 24 28 24 28 
|   |   |___112
|   |   |   |___28 24 32 28 112 20 32 
|   |   |___36
|   |   |   |___32 28 36 32 28 28 28 
|   |   |___116
|   |   |   |___32 28 36 32 32 24 116 
|   |___-60
|   |   |___-60
|   |   |   |___-72 -68 -64 -60 -68 -68 -68 
|   |   |___16
|   |   |   |___12 4 12 16 8 8 8 
|   |   |___24
|   |   |   |___24 20 16 24 20 20 12 
|   |   |___20
|   |   |   |___20 16 20 20 16 16 16 
|   |   |___20
|   |   |   |___20 16 20 16 12 16 16 
|   |   |___28
|   |   |   |___24 20 24 28 20 20 20 
|   |   |___112
|   |   |   |___28 24 28 32 24 24 112 
|   |___-64
|   |   |___-64
|   |   |   |___-72 -68 -64 -64 -68 -68 -64 
|   |   |___12
|   |   |   |___12 4 12 12 8 8 12 
|   |   |___24
|   |   |   |___24 20 16 24 20 20 16 
|   |   |___20
|   |   |   |___20 16 20 20 16 16 20 
|   |   |___28
|   |   |   |___20 16 20 20 16 16 28 
|   |   |___28
|   |   |   |___28 24 28 28 24 20 28 
|   |   |___208
|   |   |   |___24 20 24 24 24 20 208 
|   |___28
|   |   |___28
|   |   |   |___-68 -64 28 -60 -68 -64 28 
|   |   |___104
|   |   |   |___16 8 104 16 8 12 104 
|   |   |___108
|   |   |   |___20 16 12 20 12 16 108 
|   |   |___112
|   |   |   |___24 20 112 24 16 20 112 
|   |   |___120
|   |   |   |___32 28 120 32 24 28 120 
|   |   |___116
|   |   |   |___28 24 116 28 20 24 116 
|   |   |___104
|   |   |   |___16 20 104 16 8 12 12 
|___28
|   |___20
|   |   |___120
|   |   |   |___32 36 36 28 28 120 
|   |   |___104
|   |   |   |___12 16 20 20 12 12 104 
|   |   |___112
|   |   |   |___20 24 20 28 20 20 112 
|   |   |___112
|   |   |   |___20 24 28 28 20 20 112 
|   |   |___116
|   |   |   |___24 28 32 32 24 28 116 
|   |   |___116
|   |   |   |___24 28 32 32 28 24 116 
|   |   |___20
|   |   |   |___12 16 20 20 12 12 20 
|   |___24
|   |   |___24
|   |   |   |___-68 24 -56 -60 -68 -68 24 
|   |   |___100
|   |   |   |___16 8 20 16 8 8 100 
|   |   |___108
|   |   |   |___24 108 20 24 16 16 108 
|   |   |___108
|   |   |   |___24 108 28 24 16 16 108 
|   |   |___112
|   |   |   |___28 112 32 28 20 24 112 
|   |   |___112
|   |   |   |___28 112 32 28 24 20 112 
|   |   |___100
|   |   |   |___16 100 20 16 8 12 16 
|   |___28
|   |   |___28
|   |   |   |___-64 -56 28 -52 -64 -64 28 
|   |   |___104
|   |   |   |___20 16 104 24 12 12 104 
|   |   |___112
|   |   |   |___28 28 20 32 20 20 112 
|   |   |___112
|   |   |   |___28 28 112 32 20 20 112 
|   |   |___116
|   |   |   |___32 32 116 36 24 28 116 
|   |   |___116
|   |   |   |___32 32 116 36 28 24 116 
|   |   |___104
|   |   |   |___20 20 104 24 12 12 20 
|   |___24
|   |   |___28
|   |   |   |___-64 -60 -52 -56 -60 -64 28 
|   |   |___104
|   |   |   |___20 12 24 20 16 12 104 
|   |   |___112
|   |   |   |___28 24 20 28 20 20 112 
|   |   |___116
|   |   |   |___32 28 36 24 28 24 116 
|   |   |___116
|   |   |   |___32 28 36 32 116 28 116 
|   |   |___116
|   |   |   |___32 28 36 32 32 24 116 
|   |   |___24
|   |   |   |___20 16 24 20 16 12 20 
|   |___16
|   |   |___20
|   |   |   |___-72 -68 -64 -60 -68 -72 20 
|   |   |___96
|   |   |   |___12 4 12 16 8 4 96 
|   |   |___104
|   |   |   |___20 16 12 20 16 12 104 
|   |   |___104
|   |   |   |___20 16 20 20 16 12 104 
|   |   |___108
|   |   |   |___24 20 24 20 16 16 108 
|   |   |___112
|   |   |   |___28 24 28 32 24 24 112 
|   |   |___16
|   |   |   |___12 8 12 16 8 4 12 
|   |___12
|   |   |___20
|   |   |   |___-72 -68 -64 -64 -72 -68 20 
|   |   |___96
|   |   |   |___12 4 12 12 4 8 96 
|   |   |___104
|   |   |   |___20 16 12 20 12 16 104 
|   |   |___104
|   |   |   |___20 16 20 20 12 16 104 
|   |   |___112
|   |   |   |___28 24 28 28 24 24 112 
|   |   |___108
|   |   |   |___24 20 24 24 16 16 108 
|   |   |___12
|   |   |   |___12 12 12 12 4 8 12 
|   |___28
|   |   |___28
|   |   |   |___20 24 28 28 20 20 28 
|   |   |___104
|   |   |   |___104 96 104 104 96 96 104 
|   |   |___112
|   |   |   |___112 108 104 112 104 104 112 
|   |   |___112
|   |   |   |___112 108 112 112 104 104 112 
|   |   |___116
|   |   |   |___116 112 116 116 108 112 116 
|   |   |___208
|   |   |   |___116 112 116 116 112 208 116 
|   |   |___112
|   |   |   |___112 108 112 112 104 104 104 
